python: 3.10.2
os: Windows-10-10.0.26100-SP0
time_s: 1760264994.209619
